								Icelandic Low	
					Month	Year	Pressure	Lon	Lat
					1	1948	1.0031	338.9385	57.344
					2	1948	1.0068	319.9792	61.7659
					3	1948	1.0048	324.3369	63.2945
					4	1948	1.01	348.3329	63.1242
					5	1948	1.0131	339.7198	49.327
					6	1948	1.0116	326.8544	55.7251
					7	1948	1.0117	317.1009	59.2903
					8	1948	1.0107	325.6181	61.3967
					9	1948	1.009	339.4231	62.9472
					10	1948	1.0063	328.4278	65.0795
					11	1948	1.0069	325.0736	58.5715
					12	1948	1.0053	333.6624	58.6711
					1	1949	1.004	342.6646	65.3396
					2	1949	1.0035	334.6594	64.4057
					3	1949	1.0106	326.3872	61.0416
					4	1949	1.0085	342.6052	61.5417
					5	1949	1.0123	359.3576	56.3588
					6	1949	1.0112	304.8022	57.8593
					7	1949	1.0106	299.5109	61.7491
					8	1949	1.0108	323.1026	63.7271
					9	1949	1.0112	315.8298	63.3143
					10	1949	1.0068	323.2824	61.3993
					11	1949	1.0079	329.6706	58.1765
					12	1949	1.005	341.4733	62.766
					1	1950	1.0045	320.1129	60.7626
					2	1950	1.0031	341.3663	59.6034
					3	1950	1.0076	324.9232	58.2905
					4	1950	1.0078	356.6424	60.3547
					5	1950	1.0134	304.0973	56.8321
					6	1950	1.0091	310.7424	60.8242
					7	1950	1.0112	328.1959	58.7575
					8	1950	1.0092	323.4172	60.9461
					9	1950	1.006	335.675	62.3299
					10	1950	1.0073	326.0576	62.5779
					11	1950	1.0085	350.6921	60.3558
					12	1950	1.0096	349.8854	58.5131
					1	1951	1.0058	334.0254	60.1013
					2	1951	1.006	345.959	59.325
					3	1951	1.0097	354.4727	54.2562
					4	1951	1.0112	340.4923	58.2537
					5	1951	1.012	326.9873	50.165
					6	1951	1.013	315.3676	55.4534
					7	1951	1.0091	311.9845	63.9293
					8	1951	1.01	333.1059	61.3968
					9	1951	1.0088	322.778	59.0978
					10	1951	1.0081	328.4765	63.1142
					11	1951	1.007	339.2228	58.4144
					12	1951	1.0021	333.7848	62.7132
					1	1952	1.006	343.6258	63.1015
					2	1952	1.0095	336.6161	56.2625
					3	1952	1.0081	332.3166	50.1333
					4	1952	1.0091	334.6064	60.395
					5	1952	1.0123	301.9154	44.6208
					6	1952	1.0103	318.4415	60.015
					7	1952	1.0101	314.7455	64.9054
					8	1952	1.0105	328.2441	61.3027
					9	1952	1.0103	334.227	63.9157
					10	1952	1.0079	324.4171	58.6449
					11	1952	1.0116	338.5647	60.9802
					12	1952	1.0103	338.9622	58.9402
					1	1953	1.0077	331.2934	64.5766
					2	1953	1.0088	320.619	60.1959
					3	1953	1.0091	335.8791	63.6108
					4	1953	1.0109	319.5457	51.9979
					5	1953	1.0119	322.4744	49.7723
					6	1953	1.0106	320.3707	59.8011
					7	1953	1.0093	325.9982	61.8523
					8	1953	1.0098	327.8372	62.2612
					9	1953	1.0094	327.1646	61.9029
					10	1953	1.0062	323.9815	63.4245
					11	1953	1.005	335.2296	64.0204
					12	1953	1.0057	321.2459	62.2124
					1	1954	1.0084	322.5116	62.426
					2	1954	1.0083	325.1423	60.8184
					3	1954	1.0075	331.3346	55.5735
					4	1954	1.011	316.7398	62.1111
					5	1954	1.0127	347.5698	47.0123
					6	1954	1.0113	327.0104	62.6279
					7	1954	1.0101	341.4785	60.957
					8	1954	1.0105	333.0964	58.4204
					9	1954	1.0083	342.4207	61.5717
					10	1954	1.0062	330.4312	62.2343
					11	1954	1.0054	327.3238	62.3171
					12	1954	1.0053	337.9876	63.1276
					1	1955	1.0049	331.9313	51.9968
					2	1955	1.0087	355.7291	53.2287
					3	1955	1.0103	320.3374	51.5994
					4	1955	1.0094	320.8791	55.8004
					5	1955	1.0113	340.4348	56.4502
					6	1955	1.0118	314.5837	57.5674
					7	1955	1.0079	313.8647	64.3026
					8	1955	1.0082	311.1792	64.8308
					9	1955	1.007	325.7354	63.5218
					10	1955	1.0104	324.2787	61.7968
					11	1955	1.0098	315.4585	53.0568
					12	1955	1.0046	334.8854	57.2582
					1	1956	1.0084	343.8419	59.8473
					2	1956	1.0089	311.8134	54.5752
					3	1956	1.0074	323.9457	58.5013
					4	1956	1.0117	333.072	50.7416
					5	1956	1.0086	328.2318	65.195
					6	1956	1.0121	338.7546	62.0387
					7	1956	1.0122	328.8043	58.9812
					8	1956	1.0105	332.0115	57.8606
					9	1956	1.0103	323.648	62.24
					10	1956	1.0071	326.3404	65.566
					11	1956	1.0077	326.3905	64.8022
					12	1956	1.0039	324.5627	61.7209
					1	1957	1.0018	324.9167	63.481
					2	1957	1.0048	339.8717	55.4674
					3	1957	1.0056	330.4383	51.6313
					4	1957	1.0101	318.4862	58.4
					5	1957	1.0108	323.8872	51.5986
					6	1957	1.0117	304.0168	56.0936
					7	1957	1.0111	314.0956	56.5674
					8	1957	1.0094	321.3919	62.3504
					9	1957	1.0104	325.1323	60.5863
					10	1957	1.0036	331.9866	64.9039
					11	1957	1.0105	318.1061	60.2087
					12	1957	1.0067	333.4434	62.8753
					1	1958	1.0081	337.4355	60.1987
					2	1958	1.0071	326.4691	52.3284
					3	1958	1.0079	330.0822	47.3026
					4	1958	1.0114	336.3251	60.5179
					5	1958	1.0111	321.0396	58.8685
					6	1958	1.0116	308.9001	53.3479
					7	1958	1.0109	320.1805	58.1913
					8	1958	1.01	322.6632	55.3601
					9	1958	1.0088	317.1912	58.6719
					10	1958	1.0075	328.7293	63.1652
					11	1958	1.007	315.4881	60.3214
					12	1958	1.0062	338.4283	56.8572
					1	1959	1.0081	326.2858	54.8609
					2	1959	1.002	317.051	62.6259
					3	1959	1.0051	327.2198	59.5936
					4	1959	1.0097	343.6717	56.9318
					5	1959	1.0119	325.2796	51.8859
					6	1959	1.0118	323.0059	59.8493
					7	1959	1.0094	309.7075	63.1433
					8	1959	1.0118	323.5695	62.9623
					9	1959	1.0084	314.1428	63.3313
					10	1959	1.0064	322.4937	62.124
					11	1959	1.0086	333.7872	60.185
					12	1959	1.0038	338.2615	58.7213
					1	1960	1.0083	321.7059	51.5858
					2	1960	1.0087	338.6274	51.4553
					3	1960	1.0071	330.051	51.345
					4	1960	1.0101	329.5433	58.1581
					5	1960	1.0116	319.7068	53.5919
					6	1960	1.0116	306.1827	59.6375
					7	1960	1.0103	322.9886	58.841
					8	1960	1.0101	320.5904	57.5149
					9	1960	1.0099	316.1169	62
					10	1960	1.0093	330.7005	53.2176
					11	1960	1.0058	329.2851	57.4952
					12	1960	1.0051	331.9544	60.8765
					1	1961	1.0056	326.4558	58.7145
					2	1961	1.0044	330.7283	60.1016
					3	1961	1.0073	340.3204	60.4097
					4	1961	1.0075	330.3506	51.1592
					5	1961	1.0126	350.4808	56.2114
					6	1961	1.0087	322.7057	62.7691
					7	1961	1.0114	333.597	61.6554
					8	1961	1.0081	318.5951	64.2217
					9	1961	1.0069	324.1234	62.5481
					10	1961	1.0079	333.7401	61.343
					11	1961	1.01	341.2282	61.0924
					12	1961	1.0073	329.6533	51.5977
					1	1962	1.0019	327.9498	62.3091
					2	1962	1.0093	338.4452	64.9773
					3	1962	1.0075	331.0494	47.115
					4	1962	1.0107	325.181	59.8448
					5	1962	1.0123	356.5547	56.5082
					6	1962	1.0111	319.3869	63.0679
					7	1962	1.0126	320.3324	53.5166
					8	1962	1.01	327.7304	62.257
					9	1962	1.01	330.6336	62.6711
					10	1962	1.0083	325.5131	62.5889
					11	1962	1.0109	327.5983	62.8745
					12	1962	1.0086	320.6079	62.3143
					1	1963	1.011	312.0466	53.5598
					2	1963	1.008	325.1547	53.8342
					3	1963	1.0059	327.7541	56.5581
					4	1963	1.0095	325.6301	50.6351
					5	1963	1.01	328.9831	62.8365
					6	1963	1.0118	323.6245	55.0965
					7	1963	1.0121	311.7358	59.0215
					8	1963	1.0103	334.2315	58.6157
					9	1963	1.0072	327.6967	65.3269
					10	1963	1.0047	324.287	62.661
					11	1963	1.0076	342.6642	56.6423
					12	1963	1.0079	316.5176	56.5295
					1	1964	1.0063	315.7908	58.5356
					2	1964	1.0046	313.2683	55.179
					3	1964	1.0078	327.2171	52.9638
					4	1964	1.0114	340.4963	59.4766
					5	1964	1.0102	326.5332	57.9291
					6	1964	1.0104	315.1801	62.6186
					7	1964	1.0082	326.1032	66.3221
					8	1964	1.0121	327.0073	56.5765
					9	1964	1.0089	322.8138	61.9291
					10	1964	1.0087	322.862	63.3162
					11	1964	1.0079	331.277	60.0723
					12	1964	1.0071	340.546	64.951
					1	1965	1.0067	330.1791	58.9801
					2	1965	1.0107	305.4464	54.8962
					3	1965	1.007	324.7794	52.2306
					4	1965	1.0097	336.767	57.7798
					5	1965	1.0116	316.5012	53.8613
					6	1965	1.0103	329.2262	61.2542
					7	1965	1.0113	328.1391	58.5699
					8	1965	1.0099	317.9211	61.4737
					9	1965	1.0091	329.2568	61.7273
					10	1965	1.0081	314.5573	60.8923
					11	1965	1.011	343.8339	54.9284
					12	1965	1.0053	340.9798	58.4118
					1	1966	1.0052	328.0302	49.3715
					2	1966	1.0039	335.4923	52.3877
					3	1966	1.0094	351.9702	63.1052
					4	1966	1.0076	335.8735	50.5718
					5	1966	1.0116	326.8419	58.6513
					6	1966	1.0107	314.749	62.2861
					7	1966	1.0094	323.2636	61.8192
					8	1966	1.0124	323.1601	55.7827
					9	1966	1.0087	322.3509	61.5762
					10	1966	1.0099	326.026	55.7515
					11	1966	1.0088	331.6995	67.0904
					12	1966	1.0059	347.827	61.9342
					1	1967	1.0101	319.3424	56.9605
					2	1967	1.0038	325.2408	61.4196
					3	1967	1.0036	345.3986	64.4645
					4	1967	1.0107	335.3732	60.0857
					5	1967	1.0117	342.249	54.9785
					6	1967	1.0085	317.5027	65.9078
					7	1967	1.0109	319.6673	63.1209
					8	1967	1.0099	311.6733	64.0849
					9	1967	1.0084	322.5489	64.1558
					10	1967	1.0054	342.3062	61.822
					11	1967	1.0071	322.0781	62.9228
					12	1967	1.0097	341.7501	59.2287
					1	1968	1.0066	338.5687	61.3517
					2	1968	1.0091	322.0579	53.9843
					3	1968	1.0073	341.6827	63.8824
					4	1968	1.012	328.0744	57.9725
					5	1968	1.0119	312.5679	50.4353
					6	1968	1.0111	322.9482	61.2087
					7	1968	1.0107	289.4752	61.0551
					8	1968	1.0118	312.9573	60.225
					9	1968	1.01	333.2233	56.9371
					10	1968	1.0084	325.8427	53.9875
					11	1968	1.0082	323.6871	53.5278
					12	1968	1.0085	327.7061	56.0163
					1	1969	1.0092	341.0196	53.1097
					2	1969	1.0111	347.7672	48.7447
					3	1969	1.0091	321.8629	48.5178
					4	1969	1.0102	327.198	60.1577
					5	1969	1.0121	326.6939	54.9996
					6	1969	1.0098	305.7498	59.4196
					7	1969	1.0102	320.4293	64.5499
					8	1969	1.0108	302.7366	57.7952
					9	1969	1.0082	332.5889	66.1917
					10	1969	1.0061	324.8076	63.1243
					11	1969	1.0062	347.4837	62.8679
					12	1969	1.0095	334.2178	58.6942
					1	1970	1.0037	326.3518	52.3828
					2	1970	1.0077	331.295	61.0926
					3	1970	1.0097	347.2312	57.1736
					4	1970	1.0103	337.5433	55.0488
					5	1970	1.011	327.7959	63.3298
					6	1970	1.0095	307.264	64.6392
					7	1970	1.0093	327.9518	63.0965
					8	1970	1.011	306.3856	61.2119
					9	1970	1.0083	320.1339	61.8071
					10	1970	1.0093	350.371	64.8919
					11	1970	1.0079	337.5851	61.3093
					12	1970	1.0089	322.7615	57.2069
					1	1971	1.0044	329.8307	55.7086
					2	1971	1.0082	329.1283	62.9026
					3	1971	1.0101	318.1244	52.927
					4	1971	1.0119	335.3249	47.1723
					5	1971	1.0111	322.1944	59.4141
					6	1971	1.0119	326.4289	54.4487
					7	1971	1.0107	295.9288	60.4772
					8	1971	1.0084	322.9878	64.4529
					9	1971	1.0092	310.5348	63.823
					10	1971	1.0081	326.1178	62.0239
					11	1971	1.0095	352.9209	63.6047
					12	1971	1.0059	334.7686	62.3602
					1	1972	1.0042	318.5766	60.3644
					2	1972	1.0071	328.2219	58.6001
					3	1972	1.0086	337.1005	62.9019
					4	1972	1.0097	344.5611	57.0459
					5	1972	1.0109	331.8657	59.1592
					6	1972	1.0103	325.1007	62.3796
					7	1972	1.0109	312.2336	63.5353
					8	1972	1.0098	313.8973	64.1236
					9	1972	1.0099	305.1402	64.0222
					10	1972	1.0082	314.7055	66.3097
					11	1972	1.0074	343.0153	62.8955
					12	1972	1.0019	331.2529	61.599
					1	1973	1.0037	317.2909	60.8558
					2	1973	1.0061	349.1806	63.9009
					3	1973	1.0078	334.3765	63.6812
					4	1973	1.0115	341.5633	53.4211
					5	1973	1.0124	307.5238	50.9402
					6	1973	1.0107	321.2768	62.888
					7	1973	1.0104	313.962	62.0755
					8	1973	1.011	329.3701	63.8422
					9	1973	1.0091	311.0027	62.2944
					10	1973	1.0104	319.4111	62.6841
					11	1973	1.0078	325.5075	57.9133
					12	1973	1.0065	345.1579	63.7947
					1	1974	0.999	329.5056	60.5415
					2	1974	1.0059	331.5551	58.1791
					3	1974	1.007	315.3984	58.4935
					4	1974	1.011	320.428	56.6388
					5	1974	1.0115	325.3668	52.4341
					6	1974	1.0118	318.8977	59.4113
					7	1974	1.0096	334.5384	63.2927
					8	1974	1.0108	320.4345	61.5959
					9	1974	1.0071	330.9802	62.7151
					10	1974	1.0104	327.9954	60.2154
					11	1974	1.0079	334.6216	60.0824
					12	1974	1.0046	344.4732	62.6167
					1	1975	1.0035	335.8717	61.8758
					2	1975	1.0047	317.9926	58.4275
					3	1975	1.0093	333.4431	57.0117
					4	1975	1.0112	329.3734	55.7635
					5	1975	1.0125	319.2893	50.0584
					6	1975	1.0127	309.7798	60.6224
					7	1975	1.0085	311.2073	64.0361
					8	1975	1.0108	309.8214	63.2992
					9	1975	1.007	337.7605	65.3044
					10	1975	1.0086	315.9144	58.9673
					11	1975	1.0078	327.1306	62.6892
					12	1975	1.0055	342.7573	67.0684
					1	1976	1.0063	334.1128	63.1144
					2	1976	1.0034	316.8569	62.5939
					3	1976	1.0052	318.692	62.4214
					4	1976	1.0114	326.9236	57.9383
					5	1976	1.0106	327.251	58.0366
					6	1976	1.0102	316.0278	61.6385
					7	1976	1.0111	305.213	61.5254
					8	1976	1.0078	311.3312	66.9187
					9	1976	1.012	303.7747	61.5829
					10	1976	1.0066	333.1116	57.5628
					11	1976	1.0055	317.8517	59.0613
					12	1976	1.0088	327.0928	56.3349
					1	1977	1.008	317.2569	53.6941
					2	1977	1.0064	329.3943	54.0163
					3	1977	1.0088	325.494	56.0451
					4	1977	1.0099	339.0469	62.0847
					5	1977	1.0114	309.4964	53.5785
					6	1977	1.0122	311.6566	60.3867
					7	1977	1.0109	309.3598	59.8845
					8	1977	1.0115	300.723	56.545
					9	1977	1.0098	331.999	64.7207
					10	1977	1.0069	326.7631	61.1624
					11	1977	1.0052	337.9989	63.1454
					12	1977	1.0083	329.2363	58.7993
					1	1978	1.0063	332.9403	62.8634
					2	1978	1.0053	331.5663	49.3556
					3	1978	1.0049	333.645	60.1952
					4	1978	1.0107	326.6911	48.191
					5	1978	1.012	315.0681	62.4031
					6	1978	1.0106	317.2423	63.9777
					7	1978	1.0112	303.9968	60.5963
					8	1978	1.0107	302.1388	62.8219
					9	1978	1.0087	334.3624	61.0957
					10	1978	1.0073	323.4731	65.5813
					11	1978	1.003	326.9438	64.3404
					12	1978	1.0054	328.6881	52.2499
					1	1979	1.0118	333.2014	57.256
					2	1979	1.005	326.8914	54.1515
					3	1979	1.0065	350.8116	62.2556
					4	1979	1.0125	353.8466	52.1439
					5	1979	1.0111	357.197	61.8538
					6	1979	1.0097	313.4692	65.5944
					7	1979	1.0103	316.5577	64.7676
					8	1979	1.0101	318.2874	62.9172
					9	1979	1.0079	325.0949	62.8942
					10	1979	1.0089	325.2206	57.1471
					11	1979	1.0066	339.8533	62.7652
					12	1979	1.004	330.198	61.6162
					1	1980	1.0083	315.0829	56.4757
					2	1980	1.0053	319.6855	58.0084
					3	1980	1.0111	332.2279	56.5479
					4	1980	1.0114	331.3569	65.7765
					5	1980	1.0116	315.0395	47.6327
					6	1980	1.0113	323.8159	59.4999
					7	1980	1.0113	302.0693	58.2544
					8	1980	1.0117	319.0076	56.8752
					9	1980	1.0084	324.1478	62.131
					10	1980	1.0091	330.4852	58.4493
					11	1980	1.0093	315.6314	54.975
					12	1980	1.0053	336.8708	63.2412
					1	1981	1.007	327.036	61.3597
					2	1981	1.0071	326.5041	64.9815
					3	1981	1.005	330.9843	51.9918
					4	1981	1.0113	313.2627	55.9016
					5	1981	1.0113	335.4631	56.8931
					6	1981	1.011	299.8977	56.3859
					7	1981	1.0093	316.4149	63.8657
					8	1981	1.01	314.6025	66.3795
					9	1981	1.0102	331.7058	58.1668
					10	1981	1.0077	358.8116	61.5098
					11	1981	1.0086	325.1444	60.7105
					12	1981	1.0073	343.7443	53.4649
					1	1982	1.0075	318.9953	56.0408
					2	1982	1.0023	325.8351	60.2465
					3	1982	1.0062	331.0966	63.2655
					4	1982	1.0095	325.2456	62.3273
					5	1982	1.0119	341.1001	58.7557
					6	1982	1.0117	318.0642	52.5238
					7	1982	1.0091	306.4396	63.8845
					8	1982	1.0094	328.8134	62.5727
					9	1982	1.008	333.5149	63.648
					10	1982	1.0074	330.243	60.0637
					11	1982	1.0033	333.3939	63.3109
					12	1982	1.0034	337.5572	63.4536
					1	1983	1.0022	343.2451	64.6
					2	1983	1.0104	328.6681	56.6607
					3	1983	1.0081	341.1955	61.6846
					4	1983	1.0108	352.9205	54.5495
					5	1983	1.0109	353.0873	53.6939
					6	1983	1.01	309.8703	63.6073
					7	1983	1.0092	311.0479	63.5807
					8	1983	1.0087	316.5456	66.1351
					9	1983	1.0094	335.9768	59.6234
					10	1983	1.0062	340.3478	64.2186
					11	1983	1.0096	331.9285	55.3054
					12	1983	1.0055	330.6852	61.4733
					1	1984	1.0021	337.9993	63.2069
					2	1984	1.0057	334.6078	63.8473
					3	1984	1.0128	322.6616	47.9929
					4	1984	1.0111	326.6018	57.8192
					5	1984	1.0117	336.7849	53.7676
					6	1984	1.0124	315.2829	59.5607
					7	1984	1.0103	307.8806	61.6528
					8	1984	1.0083	305.5461	65.3168
					9	1984	1.0091	328.8976	60.9582
					10	1984	1.0064	333.1943	61.4263
					11	1984	1.0063	333.489	57.5171
					12	1984	1.0038	320.5478	63.5822
					1	1985	1.0066	313.5786	51.8056
					2	1985	1.007	325.629	54.1692
					3	1985	1.0093	324.1993	57.9031
					4	1985	1.0102	336.6192	57.7263
					5	1985	1.0119	313.8725	51.8782
					6	1985	1.0119	312.7218	56.0222
					7	1985	1.0096	309.6727	61.7764
					8	1985	1.0099	340.0116	61.8934
					9	1985	1.0099	327.44	61.2496
					10	1985	1.0075	321.2309	62.3688
					11	1985	1.0107	329.711	57.2394
					12	1985	1.0063	323.8091	57.3243
					1	1986	1.0051	329.41	61.4027
					2	1986	1.0082	321.4505	50.7522
					3	1986	1.0019	328.3636	63.4384
					4	1986	1.012	350.5241	52.2146
					5	1986	1.0099	341.7626	61.4887
					6	1986	1.009	307.5181	61.9733
					7	1986	1.0111	324.7626	62.8257
					8	1986	1.0105	295.1194	62.9596
					9	1986	1.0113	339.0304	65.9135
					10	1986	1.0033	330.5332	63.6631
					11	1986	1.0043	335.3854	62.2703
					12	1986	1.0042	326.3204	62.1871
					1	1987	1.0073	309.7037	56.3373
					2	1987	1.0057	324.7122	53.4373
					3	1987	1.0104	331.8947	58.4597
					4	1987	1.0099	331.7776	64.711
					5	1987	1.0116	306.1154	62.1187
					6	1987	1.0114	311.2962	57.7044
					7	1987	1.011	309.1747	63.1271
					8	1987	1.0112	306.7873	60.0412
					9	1987	1.0089	329.2542	61.3542
					10	1987	1.0077	333.2335	60.9097
					11	1987	1.008	317.5112	62.7473
					12	1987	1.0057	325.3951	54.1302
					1	1988	1.0037	335.9635	60.0712
					2	1988	1.0074	328.4483	62.7652
					3	1988	1.0087	336.8178	57.5381
					4	1988	1.0108	317.4593	47.9203
					5	1988	1.0121	329.875	57.8938
					6	1988	1.01	314.7994	62.1011
					7	1988	1.0102	329.3823	62.0192
					8	1988	1.0081	320.2787	61.6536
					9	1988	1.0091	330.4371	62.0333
					10	1988	1.0098	320.9663	61.4865
					11	1988	1.0085	317.921	58.3638
					12	1988	1.0055	326.7895	62.723
					1	1989	1.0022	327.7397	63.4927
					2	1989	1.0015	335.2027	63.8012
					3	1989	1.0031	336.0705	62.2778
					4	1989	1.0111	343.2545	53.9077
					5	1989	1.0115	328.8844	66.5432
					6	1989	1.0118	322.0138	66.2914
					7	1989	1.0087	312.2553	66.3463
					8	1989	1.0079	326.181	62.5098
					9	1989	1.0066	320.1336	64.9882
					10	1989	1.0071	330.0567	62.9055
					11	1989	1.0081	312.542	59.7229
					12	1989	1.0035	327.2309	55.4108
					1	1990	1.0015	328.3281	61.3996
					2	1990	0.9971	335.4412	61.4437
					3	1990	1.0041	333.6949	65.1053
					4	1990	1.0088	335.3691	66.3706
					5	1990	1.013	310.7817	54.3651
					6	1990	1.0101	310.2624	59.8186
					7	1990	1.0099	310.7788	62.46
					8	1990	1.0096	316.9528	64.5681
					9	1990	1.009	323.8864	64.7812
					10	1990	1.0078	335.0249	60.5099
					11	1990	1.0087	318.953	57.6705
					12	1990	1.0037	328.3307	65.3576
					1	1991	1.0034	324.6064	62.1966
					2	1991	1.0053	309.5646	60.7651
					3	1991	1.0098	325.0026	53.5932
					4	1991	1.0108	345.114	63.5149
					5	1991	1.0116	311.7534	62.089
					6	1991	1.0108	334.5286	57.9631
					7	1991	1.0106	310.3007	59.9658
					8	1991	1.0072	321.1826	65.4998
					9	1991	1.0092	327.4789	63.363
					10	1991	1.0109	331.1519	63.6364
					11	1991	1.0062	340.1523	62.4649
					12	1991	1.0045	319.7341	63.9081
					1	1992	1.0047	316.9255	62.0641
					2	1992	1.004	327.9481	62.3521
					3	1992	1.0065	335.3615	61.9344
					4	1992	1.0096	339.9791	58.4065
					5	1992	1.0111	333.4004	66.3495
					6	1992	1.0121	320.7062	60.3467
					7	1992	1.0105	319.6776	61.0538
					8	1992	1.0087	336.1568	62.2715
					9	1992	1.0093	313.1398	61.3695
					10	1992	1.0109	332.905	58.5848
					11	1992	1.0031	334.9805	61.7894
					12	1992	1.0046	330.8366	63.8177
					1	1993	0.9991	331.7122	63.8171
					2	1993	1.0084	329.7015	66.2438
					3	1993	1.0058	335.2427	64.0681
					4	1993	1.0104	339.0375	57.8526
					5	1993	1.013	325.7777	47.4262
					6	1993	1.0118	316.9045	56.6315
					7	1993	1.0111	334.785	59.0735
					8	1993	1.0114	316.225	64.5315
					9	1993	1.0095	306.0275	59.7432
					10	1993	1.0104	299.0607	60.3459
					11	1993	1.0028	316.5975	63.3446
					12	1993	1.0047	344.0267	61.543
					1	1994	1.0039	339.0734	60.9937
					2	1994	1.0059	323.9138	56.5377
					3	1994	1.0047	337.5408	62.2981
					4	1994	1.0103	342.2988	60.6727
					5	1994	1.0126	322.3245	51.1767
					6	1994	1.0078	322.5349	64.3508
					7	1994	1.0088	313.7545	63.5297
					8	1994	1.0101	313.5118	62.9396
					9	1994	1.0113	332.8499	62.557
					10	1994	1.0098	329.733	59.0939
					11	1994	1.0056	322.4672	59.7975
					12	1994	1.0039	338.1611	62.7583
					1	1995	1.0044	340.8938	61.7227
					2	1995	1.0024	336.4328	60.9098
					3	1995	1.0047	351.0045	63.4746
					4	1995	1.0108	323.3461	51.7631
					5	1995	1.0121	316.4346	47.5303
					6	1995	1.0114	308.2307	62.9532
					7	1995	1.0098	310.7591	61.4648
					8	1995	1.0094	312.8331	63.2829
					9	1995	1.0097	317.0327	63.1865
					10	1995	1.0089	330.9924	59.785
					11	1995	1.0103	304.3561	61.4588
					12	1995	1.0076	321.086	50.4486
					1	1996	1.0051	324.6758	56.7826
					2	1996	1.0092	318.4845	60.845
					3	1996	1.0115	317.6324	53.9994
					4	1996	1.0113	322.9919	51.3052
					5	1996	1.0129	347.9834	52.0903
					6	1996	1.0116	324.7209	63.3705
					7	1996	1.01	319.8767	63.741
					8	1996	1.0099	308.8773	63.9765
					9	1996	1.0106	320.5973	59.5036
					10	1996	1.0082	336.9621	61.3484
					11	1996	1.0082	348.1058	63.2258
					12	1996	1.0111	331.9958	53.8773
					1	1997	1.0076	316.9551	59.7638
					2	1997	1.0003	333.6819	62.7352
					3	1997	1.0066	325.9	61.643
					4	1997	1.0088	322.4839	52.2625
					5	1997	1.0122	302.3919	48.597
					6	1997	1.012	324.8732	52.9996
					7	1997	1.0106	306.7913	60.6776
					8	1997	1.01	318.6431	64.7104
					9	1997	1.0089	321.5117	63.3366
					10	1997	1.0104	326.4503	58.0608
					11	1997	1.0071	330.0017	55.698
					12	1997	1.0047	319.6757	57.0374
					1	1998	1.0075	338.0705	59.5495
					2	1998	1.0063	341.4205	63.1423
					3	1998	1.0095	342.8587	66.3268
					4	1998	1.0095	345.3687	52.8768
					5	1998	1.0127	296.8445	55.695
					6	1998	1.0114	311.3639	52.057
					7	1998	1.0098	326.4731	60.7482
					8	1998	1.009	323.033	64.7917
					9	1998	1.0104	317.8957	54.6262
					10	1998	1.0076	340.8984	63.1299
					11	1998	1.009	325.4546	59.9652
					12	1998	1.0022	322.7111	61.53
					1	1999	1.0044	335.2749	62.2295
					2	1999	1.0061	346.0507	64.1716
					3	1999	1.0099	348.2584	59.5193
					4	1999	1.0102	328.4297	53.892
					5	1999	1.0113	328.5911	60.69
					6	1999	1.0096	312.4768	65.4473
					7	1999	1.0096	310.0906	60.8849
					8	1999	1.0109	307.3558	60.7787
					9	1999	1.0085	333.5527	60.2839
					10	1999	1.0088	332.7477	60.6628
					11	1999	1.0069	329.5094	65.0744
					12	1999	1.0042	333.7942	61.8371
					1	2000	1.0061	330.2073	65.0612
					2	2000	1.0019	330.5586	63.5674
					3	2000	1.01	350.9931	64.9643
					4	2000	1.0102	353.5252	51.7583
					5	2000	1.011	322.1176	61.6124
					6	2000	1.0111	311.7801	59.8337
					7	2000	1.0121	337.3164	61.9452
					8	2000	1.0105	315.8802	65.3922
					9	2000	1.0072	314.2515	62.3039
					10	2000	1.0053	332.8853	61.9228
					11	2000	1.008	341.3155	56.9424
					12	2000	1.0049	336.3361	54.6289
					1	2001	1.0063	324.7585	58.8718
					2	2001	1.0103	323.6677	61.292
					3	2001	1.0062	339.1507	51.7367
					4	2001	1.011	340.7963	59.7733
					5	2001	1.0127	326.4721	62.2714
					6	2001	1.0122	316.5462	61.5832
					7	2001	1.0118	323.0982	60.9525
					8	2001	1.0083	314.411	62.5165
					9	2001	1.011	322.2419	62.2039
					10	2001	1.0065	326.6295	60.4399
					11	2001	1.0058	331.6205	66.5667
					12	2001	1.0098	309.7612	55.3937
					1	2002	1.0031	322.2707	59.6949
					2	2002	1.0032	345.3412	61.9702
					3	2002	1.0077	340.1797	62.3255
					4	2002	1.0089	332.581	60.171
					5	2002	1.0108	327.0016	57.4089
					6	2002	1.0105	323.9252	62.2897
					7	2002	1.0099	316.0999	64.0096
					8	2002	1.0113	311.8047	62.336
					9	2002	1.0098	297.9294	61.2426
					10	2002	1.0105	333.3285	55.3998
					11	2002	1.0064	326.0536	56.9363
					12	2002	1.0064	312.136	56.2407
					1	2003	1.0061	321.3095	59.1417
					2	2003	1.0043	321.6504	60.7179
					3	2003	1.0068	320.8983	62.7068
					4	2003	1.0112	324.0116	56.7033
					5	2003	1.0112	330.1594	62.9376
					6	2003	1.01	315.286	58.3908
					7	2003	1.0114	315.1996	60.06
					8	2003	1.0114	306.8967	63.7183
					9	2003	1.0089	320.5491	65.1399
					10	2003	1.0105	318.6946	61.2888
					11	2003	1.0058	324.0761	60.9471
					12	2003	1.0084	328.6349	63.572
					1	2004	1.0039	330.7124	55.9252
					2	2004	1.009	328.4526	59.0576
					3	2004	1.008	329.2851	62.6636
					4	2004	1.011	334.7313	61.4574
					5	2004	1.0121	326.3277	59.156
					6	2004	1.0119	322.6009	57.165
					7	2004	1.0098	315.3014	64.8322
					8	2004	1.0111	320.9417	59.1351
					9	2004	1.0079	329.519	63.9673
					10	2004	1.0093	332.419	60.2774
					11	2004	1.0094	325.7166	64.2844
					12	2004	1.003	336.0719	65.0227
					1	2005	1.004	336.0609	64.9546
					2	2005	1.0116	331.7743	66.0459
					3	2005	1.0086	314.8155	48.9465
					4	2005	1.0111	337.4854	60.1665
					5	2005	1.0117	363.8652	64.476
					6	2005	1.0113	304.4817	60.7375
					7	2005	1.0105	306.9082	63.4268
					8	2005	1.0095	321.1085	63.7607
					9	2005	1.0091	331.4755	63.2633
					10	2005	1.0091	334.2367	58.1212
					11	2005	1.0077	324.3972	63.2892
					12	2005	1.009	317.2739	60.8797
					1	2006	1.0062	320.9528	62.4129
					2	2006	1.0094	316.2542	56.1851
					3	2006	1.0087	328.6875	49.7468
					4	2006	1.0097	339.428	64.228
					5	2006	1.0118	321.9379	51.5485
					6	2006	1.0099	313.634	65.4923
					7	2006	1.0095	305.1983	62.3908
					8	2006	1.0108	323.872	59.4275
					9	2006	1.0085	324.6862	60.0832
					10	2006	1.0095	329.5751	54.3784
					11	2006	1.0049	342.7284	62.711
					12	2006	1.0018	327.1466	62.666
					1	2007	1.0033	331.0159	61.8547
					2	2007	1.005	322.973	54.3993
					3	2007	1.0063	331.3387	63.791
					4	2007	1.0098	325.415	57.0113
					5	2007	1.0102	349.5248	59.812
					6	2007	1.0125	320.6007	54.1617
					7	2007	1.0101	323.8183	59.6566
					8	2007	1.0104	315.0038	62.3912
					9	2007	1.0095	326.0362	63.8539
					10	2007	1.0079	323.8687	62.1621
					11	2007	1.0096	328.9346	65.1334
					12	2007	1.0045	326.7162	62.6575
					1	2008	1.0054	332.6508	61.8645
					2	2008	1.006	328.1372	63.8694
					3	2008	1.007	349.8915	59.5056
					4	2008	1.0118	349.8231	51.9359
					5	2008	1.0109	307.4895	48.9403
					6	2008	1.0118	313.886	55.8716
					7	2008	1.0112	308.5399	58.2972
					8	2008	1.0098	327.4906	60.4058
					9	2008	1.0081	312.1976	65.5304
					10	2008	1.0059	338.2859	64.3165
					11	2008	1.0088	345.4363	64.0979
					12	2008	1.0061	318.5767	63.8236
					1	2009	1.0034	326.0209	59.6888
					2	2009	1.0093	327.5348	57.155
					3	2009	1.0082	346.5509	62.1346
					4	2009	1.0103	329.8375	58.6794
					5	2009	1.0097	315.7867	63.3394
					6	2009	1.0123	291.2862	47.5871
					7	2009	1.0109	334.669	55.9906
					8	2009	1.0095	322.0433	60.259
					9	2009	1.0071	327.5183	66.0175
					10	2009	1.0101	328.1926	54.7245
					11	2009	1.0045	339.2497	59.5828
					12	2009	1.0079	333.4699	51.4227
					1	2010	1.0079	316.9743	53.2791
					2	2010	1.005	332.0617	48.5857
					3	2010	1.0105	328.2026	55.578
					4	2010	1.0119	315.9287	50.8247
					5	2010	1.0109	322.7303	49.1427
					6	2010	1.0114	307.9197	55.2661
					7	2010	1.01	314.4493	60.792
					8	2010	1.0105	304.993	59.741
					9	2010	1.0103	312.8142	58.4585
					10	2010	1.0084	319.3983	57.9098
					11	2010	1.0092	336.6813	57.344
					12	2010	1.0102	323.4288	47.3555
					1	2011	1.0089	326.9012	57.8523
					2	2011	1.0022	320.5724	59.8444
					3	2011	1.0078	340.9198	66.1318
					4	2011	1.0058	319.1744	63.4678
					5	2011	1.0108	343.052	59.5922
					6	2011	1.0124	323.0626	53.805
					7	2011	1.0104	307.3569	57.7209
					8	2011	1.0107	308.0408	56.5342
					9	2011	1.0053	327.1077	62.2151
					10	2011	1.008	335.0404	62.3869
					11	2011	1.0045	322.9433	61.4032
					12	2011	0.9997	333.4986	63.9911
					1	2012	1.0065	322.8849	62.7953
					2	2012	1.0078	321.8068	62.8673
					3	2012	1.0076	329.2287	62.4587
					4	2012	1.0095	350.5322	53.3398
					5	2012	1.0129	347.6595	65.4615
					6	2012	1.0114	320.05	55.0574
					7	2012	1.0107	313.0793	60.1368
					8	2012	1.011	315.4132	59.5636
					9	2012	1.0071	328.3459	64.4682
					10	2012	1.0112	340.2433	55.9875
					11	2012	1.0072	339.9768	62.2367
					12	2012	1.007	335.3471	56.2428
					1	2013	1.005	321.4534	59.1252
					2	2013	1.0091	321.3848	55.6248
					3	2013	1.0069	334.9817	46.0687
					4	2013	1.0103	349.2138	62.4395
					5	2013	1.011	356.9555	57.7456
					6	2013	1.011	312.3904	61.6934
					7	2013	1.0099	310.5951	64.0371
					8	2013	1.0085	319.3059	64.2302
					9	2013	1.0095	315.0606	63.5079
					10	2013	1.0084	329.5823	57.8809
					11	2013	1.0067	334.486	64.1334
					12	2013	1.0013	334.759	62.2765
					1	2014	1.0033	325.0574	58.6247
					2	2014	1.0018	337.4654	59.1782
					3	2014	1.0064	331.0493	62.6771
					4	2014	1.0105	336.2908	59.9246
					5	2014	1.012	328.7246	57.2951
					6	2014	1.0125	287.6847	62.0415
					7	2014	1.0107	305.327	58.8964
					8	2014	1.0108	340.6982	61.9602
					9	2014	1.0078	312.0845	64.6382
					10	2014	1.0087	328.3818	58.6928
					11	2014	1.0068	322.9367	57.8862
					12	2014	1.0042	339.0833	65.2387
					1	2015	1.0028	333.4465	63.7475
					2	2015	1.006	335.2615	63.2764
					3	2015	1.0044	322.3824	63.4461
					4	2015	1.0111	335.1594	63.1073
					5	2015	1.0099	332.7585	63.2004
					6	2015	1.0117	315.2069	61.1391
					7	2015	1.0109	314.7356	56.6888